Overall Performance
Accuracy: 0.8269230769230769, 258/312
Recall: 0.5357142857142857, 15/(15+13)
Precision: 0.30612244897959184, 15/(15+34)
F1: 0.38961038961038963
              precision    recall  f1-score   support

           0       0.95      0.88      0.91       284
           1       0.22      0.12      0.16        16
           2       0.12      0.43      0.18         7
           3       0.17      0.50      0.25         4
           4       0.50      1.00      0.67         1

    accuracy                           0.83       312
   macro avg       0.39      0.59      0.43       312
weighted avg       0.88      0.83      0.85       312

pred     0  1   2   3  4
truth                   
0.0    250  6  17  10  1
1.0     10  2   4   0  0
2.0      3  1   3   0  0
3.0      0  0   2   2  0
4.0      0  0   0   0  1
